,.04159566771213193,6.012902722853091,312.4067055894263,49.49588898286991,30.8
,0.963225755046038,26.0920694978266,139.3811920815948,152.9821676305871,26
,0.775413310267197,6.91117047509728,347.0289241338543,346.9162480897589,21.4
,.9252593010411703,13.29995428610206,10.55529569918225,116.4195120718172,13.6
,.9288178630692923,13.80345566059359,329.4309837211803,41.47119826431925,11.6
,0.967142908462304,17.8341442925537,58.42008097656843,111.3324851045177,11.0
,.253123704975375,3.895945433566345,62.3871341376127,212.6248044763774,10.8
,.5373524008962,3.064200979961858,117.8053884339254,195.5476728978316,10.6
,.2287716907957943,6.150503689944444,28.20833810963109,174.6153280631434,10.2
,.2539816793211983,4.094989939215451,58.87747485531472,222.5869770685564,9
,.6002741375112215,3.566556837561493,118.8320203776275,332.9187091007017,8.48
,.5560422729746218,4.506309665622958,57.8241327401385,53.30412527572365,8.4
,.5703733600209818,5.809605650687495,143.564015036869,215.4915432331094,8.4
,.3540972189354261,3.617308919458934,14.83193286946763,196.8017434288122,8.2
,0.509136733842498,6.04223509448231,13.51663373905199,28.23751090828684,7.8
,.5011953460445658,3.775407331000286,119.7411555987942,13.17396658855007,7.8
,.5514593086814216,5.411319767385534,148.9236852437551,134.1911692760593,6.66
,.9592118287498192,3.033939724939583,94.32323631127545,14.75774840136655,6.4
,.1939049560064233,4.246480086303573,114.1548122753023,18.01931880463022,6.2
,.6047574969528612,3.525555300846194,278.0622302717972,77.6768853021069,6.2
,.5098191971027368,3.146531761968834,68.7682816756504,179.1872688303726,6.0
,.5761005783395901,4.504629950681258,233.2884676643624,140.8120795210524,5.8
,.4252128228718672,3.53174298156458,114.9164946148813,210.3702533539293,5.74
,0.594171114197868,5.7921529460737,130.271019940504,263.1723818254981,5.6
,.3167267437788968,4.123164511232739,356.9802329238926,357.7622106302243,5.6
,.5605977808221723,3.808319341400365,114.7417165616202,157.8742443878394,5.4
,.6376170100495518,3.418928238115145,93.40960341550313,172.5000552680682,5.2
,.8483353543281217,2.215132168119717,334.5681964371267,186.5460141528601,4.8
,.5620663599153678,3.580672324457032,119.1877795469232,233.587839407905,4.8
,.542437041421476,3.71446643000283,83.70082476433753,269.2756022819647,4.8
,.4282051070326322,3.462878805693899,151.7278284466424,302.3246544406015,4.8
,.6255056909848424,3.602103618426963,75.37300568476965,353.4653344930212,4.8
,.3556303365465381,4.253550620791401,202.1306141024764,159.1621223444681,4.66
,0.3199662500875177228998,4.5127587101054773555119,214.4165999198756,210.4329771088858,4.6
,0.496307395647225,3.54314699923032,269.6860945460317,175.8017246617871,4.6
,.2617095134990785,4.161500021015582,181.9868527345878,200.6202022211424,4.56
,0.8197997470243816309221,5.6998620708785754374048,270.3416520050764,207.5092459727414,4.5
,.1491585383882555,4.159011689561823,77.05716836651929,86.83238075964353,4.46
,0.6406870098523979040194,4.8955055208880651207437,175.331926501967,153.9795052071384,4.4
,.5630633285248894,3.108883474923954,56.69816794312565,235.9016113272215,4.4
,.3150140794597391,3.61358649669657,287.7103334670568,167.7446678179486,4.3
,.411707591006842,3.543602890259892,89.70016224353954,224.440632076287,4.2
,.6316152020645802,4.939864962861835,133.8401678570807,47.28885502172881,4.2
,.6414365761974745,3.464805313920435,50.08466699140272,12.84210194638212,4.0
,.5382555635420905,3.448111475072858,136.1284976439988,41.70707542640682,4.0
,0.289567735861711,3.83020881258833,213.3175748030835,22.60841193194022,3.8
,0.905552720972412,10.3383382297577,235.270989149082,172.5002736828059,3.6
,.5946651580229637,3.34922191681506,249.8826570554401,191.491979515038,3.6
,.5696175496849397,3.83815915788662,199.143982411512,205.1258177176394,3.54
,.4316918158101075,3.620364612305112,326.7633421886949,24.56129594403238,3.42
,.4573932742257172,4.79909570735725,185.1974637230118,228.2912964551788,3.4
,.1837585083825333,4.5970477676472,94.16886824493135,11.75664426964608,3.24
,.4263587224185384,3.693173969476632,286.4582015856911,58.26864705864526,3.22
,.5433862742962028,3.742538067328224,53.65521402800832,358.1076586706113,3.2
,.4729510635048332,3.735059835182303,339.8562119379991,18.80153804163205,3.2
,.6957724986244791,5.646476269897362,357.7993210662704,356.7748973871472,3.2
,.6897325315715446,4.438474029980045,300.7413749069658,96.32254809159546,3.2
,.6114219228700193,3.503683369339459,138.9337127711251,178.1152293178701,3.2
,.5068157697508696,5.086080145567667,345.9868661837351,44.23172251260178,3.12
,.4538077525760331,3.673496445990252,119.2689140945893,1.937921138531265,3
,.5477531209893566,3.445531902348308,120.8675954576381,162.9028630022056,3.0
,.340813229617001,4.137763681119297,4.273039036177162,30.28447308525833,3.0
,.6509190323024351,5.587749927389681,358.0018642381609,169.0295202220291,2.9
,.6185134899509153,2.945858611714987,280.6403368540958,281.689317338125,2.8
,.4080084772299704,3.751002083908645,41.44530521765947,250.1413752712925,2.8
,.6402771379420908,3.016899663207433,211.5375547538724,2.146692287947138,2.6
,0.704800355727747,4.08201725729564,79.83103830437537,57.87449254945604,2.6
,.5403891098664094,3.857849696139989,336.8516374874541,139.5984423127618,2.6
,0.4619610780504002089941,4.0322648712397013426311,66.56463590864907,18.96396783509159,2.6
,.4256876949215883,3.680790560430611,163.019068952774,221.9082283259649,2.4
,.6593254789566613,5.358356865937731,181.4589164241891,163.7890342412169,2.38
,.5211645777049814,4.259707663751156,176.5030959275626,120.4104598679621,2.22
,.5841747519155726,4.876460018192112,150.279966816504,147.120393793131,2.2
,.4244778524522092,3.681617220714808,14.38690861208656,50.02141686828044,2.2
,.4090801715603757,3.47004826613181,192.4125590772428,46.63529856040196,2.2
,.6385979856839802,3.262665238195662,235.425124371805,200.6683660225484,2.0
,.7068178874382801,3.515549653876195,195.3970144851808,172.5844249090343,2.0
,.5405801452774754,3.435252239041289,314.9280231741077,329.6436674604699,1.92
,.5302606367828769,4.084807073353012,355.1762509610829,49.22171663273186,1.9
,.5886970626590886,3.758052564073794,50.49922676211688,355.958463758387,1.88
,.5880891107121575,3.532576715247871,31.91436562161548,21.43969131331588,1.8
,.4950370873283377,3.64129988065612,112.3813030815116,276.4703221093038,1.80
,.5787482775254646,3.926947567548183,98.92935707190566,15.07100270915987,1.7
,.5123227175298782,3.127091883587495,153.1883881600926,87.19442972903114,1.6
,.8246720758970018,3.021546191968544,89.00218090291999,326.2580403750489,1.6
,.6937804720128784,3.475268743304754,219.7487450736021,181.3222857728302,1.6
,.4754287676142775,4.489785903645472,313.0323545748532,127.5232197137293,1.58
,.5553841362061995,3.542193505168747,271.0542474325339,172.8342430900015,1.56
,.1228436023814659,4.142151524005956,239.4617259875922,226.3510356473145,1.46
,0.66041266487128,3.08544379187977,141.0929309253469,62.19321855938809,1.4
,.498175178622493,3.127133494405472,59.61171339684534,208.9003484420799,1.36
,.1096207704078609,4.160365902658368,89.79399820609125,3.37794152502789,1.2
,.659202561356482,3.087646694227751,82.16439076917047,356.3402053363259,1.2
,.3720888070328248,3.604732210953487,72.40591139550462,179.1397184128221,0.86
,.5385141130913966,3.471228107965556,84.12945088437263,.07725895891905298,0.66
,.3890210684886514,3.439988882211404,181.8982979881928,24.71860995154904,0.56
,0.2760252083897379860033,3.8070857912160049885130,93.76206553452435,346.8408341847135,0.42
,.768990889739842,7.596020098082441,215.9856268737034,215.4708769354004,
,.1966759305131237,7.964647120113971,161.2720629610598,229.9182733691711,
,.734881759064938,4.797782060333667,259.7096838406745,162.3648341042717,
,.9565415549715973,43.76884148088445,337.7510837183456,140.8020109307673,
,.4632081004615741,7.113120790013903,1.692867811778063,83.56993995370486,
,.279173896665989,4.25088780381515,291.7720860348255,35.73701259793111,
,.9877130951887511,42.79125038665939,242.7784186369167,32.14627324347032,
,.6280590302207365,5.50376867148579,259.0655213185711,117.9489178310927,
,.6090609774943676,7.465378651273384,160.1398711008893,209.2740268800008,
,.5095645495704676,3.356687269335557,59.1116437084052,337.6226821845488,
,.4351695373854378,4.446890597979445,44.68384784475904,1.266856042031631,
,.4202513228874852,4.902708761511762,273.456023563932,140.5001783524537,
,.8593823365290151,23.70667354472577,280.7713871200925,263.8338855237558,
,.9432713407932722,28.6874217129106,156.4113403895667,207.7651916059917,
,.9850730694214023,40.17714974338087,105.9619994766535,48.95522285460488,
,.944303776369533,41.79126298868307,18.81467649044399,192.4959761357155,
,.6396895204169539,3.671901672314799,172.7907322199498,27.0733079807339,
,.9627547942753083,41.5872180197963,30.12412033487411,127.4716939915561,
,.6868773563570231,7.824366030917391,183.7638984049256,154.5525410318214,
,.5570560569859299,12.54770629157038,296.2531041445397,210.4704047068441,
,.4964939268527312,5.540909589444346,174.0841474616037,157.9097607763563,
,.6371907561376727,6.688343414831887,297.4382688260932,128.5939504781533,
,.5791972224164338,3.138937041964016,127.6729155242732,320.0111548062495,
,.4703388043747543,4.160471895748858,121.6125025002459,230.3754366650767,
,.9787495374822994,3.078224129104039,312.5525907382889,146.614161143522,
,.4476584684361328,8.028078069178731,262.9341040005555,238.2790771198557,
,.1205785866433164,4.775140416736892,36.4113499643703,328.4262425261875,
,.9295128118254572,50.94415898303273,304.7992138427606,324.7421416882547,
,.4219402206570256,3.825205346290136,260.619823715822,58.36187296459484,
,.4123445580172138,3.891865807920371,9.856031687424052,4.409327134103274,
,.413841484493685,4.300524661393309,30.07298703118364,312.2084012640706,
,.5737076704556389,3.438494917242431,8.822574300456898,353.0472284297767,
,.2776081420523336,6.024335019482472,181.6649145982371,175.0681361302503,
,.6712303064945121,5.593632313453447,172.2489617968742,163.1502160140487,
,.9766208669695965,49.15274955588096,193.7388759687059,255.5829815227559,
,.6839804493496225,7.178524871375155,189.8537663420858,345.6769563259165,
,.9716901175219284,49.82208301786071,203.7718277548188,319.3027012551166,
,.977711138582276,55.88932776873455,297.1256021242025,65.13097550217172,
,.462250758337214,7.028334234757202,276.1174096256346,179.4659236328019,
,.6714277317998577,5.84761811815059,87.50265276912332,282.8698488992855,
,.3433861588491829,3.79887024906496,141.6189379193169,245.4258443052078,
,.6138147332698602,6.000689663293179,217.9840087281293,141.3166581416545,
,.9465134367722432,51.60662048666948,34.63097373945036,96.04237028860688,
,.5481507124931009,10.68698506436372,189.0223476016046,269.9886518192592,
,.1194139539795052,6.170602681041615,33.4617223856926,82.05485775188906,
,.5022748249377793,5.411347908045612,164.0539374125585,277.724671024565,
,.4611653309388188,4.967523600618132,8.186533869266382,51.45457848273213,
,.5028611749619009,4.490091300445547,102.6332785075591,335.8632526382441,
,.9136242840667617,46.87954351443507,109.8430665744063,34.41655407304464,
,.6174199052757361,5.250738041522367,37.22715825345838,42.51735174583587,
,.7748340854540736,3.09044443697569,3.994965764768138,358.5515716051086,
,.1543834216942035,4.498421158245883,325.8576225333451,27.36553425593202,
,.5809719057579803,5.829488893147911,77.78542946104065,46.90902621353559,
,.5585605151286649,6.334718700505952,301.0454629319366,186.9859576448396,
,.6594600653250364,5.556543044243771,.9524858801745117,118.2012720640865,
,.467141987174565,6.297442559664529,94.59664609008054,194.6794126822622,
,.7101497213234979,6.133054477482365,144.2484318871166,15.35910338960665,
,.9822675576068547,3.044158201377876,53.00487075600994,49.40000590548593,
,.5305162999174451,6.40784676089575,211.5657047211963,199.2258889933732,
,.8964068918001162,18.42820062350314,270.5524648286377,84.1608941723846,
,.8244562759020458,18.97887059360107,336.6150806547907,111.6703127484978,
,.5524475979900219,7.254579443400196,57.07081568459802,304.5147692191709,
,.9302970589572455,9.316671999615354,25.42228787729548,41.44353425389921,
,.1243843461724506,4.708886826359565,124.9469906151359,185.5453720429082,
,.6513758601067797,12.3241172067572,8.260717348221702,181.0118833143877,
,.3370836608387048,3.529653180549439,184.0982193467467,31.36461880789305,
,.6949484948780041,8.186392096869556,47.57267458548817,340.9837262218882,
,.7069120438227606,5.799453037545093,154.05559226,230.5867884786468,
,.5063144157253593,3.490344250856611,325.1517558469835,72.04034716655912,
,.6306666127837804,11.9824823214513,57.76115980816877,12.8978977940329,
,.5080788554528548,6.236729119959189,36.14001794658473,305.7130479247201,
,.6112022864491333,3.496169675053849,213.6523205572419,128.0497055231258,
,.7023280819046082,5.613819866762106,218.6301430874063,249.3065480147983,
,.8431183899257025,7.817536442333763,309.9521628307592,117.4138752619725,
,.5815691838471712,5.68428411554105,.1309185539743379,310.1369878279776,
,.174066228108272,7.508577988856703,27.99522396474188,8.245776683598889,
,.8238563067834858,7.994479776583038,22.13588863810931,43.32930429362097,
,.6507867330621594,3.527239316145057,148.4502955702068,219.8588262813578,
,.9151327321304392,16.99529358123215,241.4767752945621,8.794911603063451,
,.9841773127951194,3.100499137810655,81.61378153633791,21.97680318876143,
,.8566083742363325,28.23306328073737,23.46240014919694,136.1221688564346,
,.7601040303666825,16.34051805999441,127.8343467211127,329.7680744116984,
,.9238983801871171,22.9560080252012,98.85872173059066,339.8436309968612,
,.2439303342233866,4.504092930811121,159.1966000136214,244.6056372974281,
,.8236845951680475,12.09962949871212,341.3837534200024,236.3235263043752,
,.7607636982815168,8.587964450249036,329.064102242387,183.3408070924741,
,.3099869263140151,3.782017661021373,40.24059647081766,334.0421705071104,
,.8999638046985347,18.94258911219854,11.87819866332758,44.12816334903323,
,.8405737375886086,17.38635001772859,266.7293641538403,151.3546074000189,
,.8010922838378196,26.6595866982736,293.9174990331535,5.479096357575937,
,.6001913472530236,5.994498509386838,329.5629882140415,224.8782770603704,
,.6818586012094172,7.12079419024277,174.6448094245821,172.3183875403807,
,.7722785038177395,11.69071222695307,41.15324232260675,298.2711635233173,
,.6184540913111467,6.58874779397744,29.13838268414358,308.4523327502127,
,.5836543592898227,3.33849252580592,187.4994301615916,147.0634868809341,
,.9492424341284913,50.06744622556968,28.46347835195669,147.2009736802526,
,.8102233242161981,14.31747148863408,328.3819107238432,101.7724386567009,
,.8670297694866532,17.27912516322893,235.8871699010045,117.6827686687777,
,.2139129344086863,4.180601767128158,285.4697349802312,161.7769712817928,
,0.966518,56.4229437,300.7506,314.0000,
,0.968171,55.0218354,5.1730,98.9223,
,0.207453370273124,6.78749083083471,220.9245601796864,355.0110660235005,
,0.211779323910265,6.82546594922813,220.7283092701876,354.9484286592523,
,0.212881484692546,6.83519994507556,220.6800824727586,354.9341584873779,
,0.213584842181363,6.8416311328135,220.6516057354847,354.9331036468758,
,0.214410647112686,6.84876680329523,220.6137808842797,354.9161510513367,
,0.214725344771338,6.85157692775468,220.6003060582256,354.9131082615112,
,0.215168721891631,6.85550078308846,220.5813885747498,354.9082645452898,
,0.21561980095451,6.85975046060383,220.5652860320984,354.900653461561,
,0.216209166902718,6.86479462772464,220.5376550079234,354.8935191875186,
,0.965365,58.8554353,194.6672,268.8535,
,0.977708,18.8529966,28.4357,194.7353,
,0.210425448477792,6.81351105282298,220.7889748161197,354.9675576803588,
,0.209361077381853,6.80415743988231,220.8375140775926,354.9845262803184,
,0.207887299897626,6.79146749135263,220.9047235825254,355.0119377496794,
,0.204282262259821,6.75981885231139,221.0772132764814,355.0561377415564,
,0.204616254273571,6.76283133151766,221.0607869247233,355.0500858202889,
,0.205167432646655,6.76764030690653,221.0341743983971,355.0415098813174,
,0.205504067078631,6.77073147824917,221.0162043671059,355.0334936117537,
,0.205736784639543,6.77247672376735,221.0066546466664,355.033366236503,
,0.206581487615908,6.7798162961469,220.9664591885893,355.0222937472982,
,0.207404261072323,6.78700125866336,220.9279851444948,355.0109920624971,
,0.207745069231454,6.79035121307075,220.9090778555222,354.9993823589552,
,0.208276887601964,6.79471927543361,220.8862695672824,354.9999828227799,
,0.970905,41.7429112,223.4750,229.2138,
,.4859450123302165,4.114487097146357,70.32278538708108,306.1920716522582,
,.9297223895880558,53.34681681798641,330.1219794892323,285.1609630630614,
,.5076474282923256,3.472261458762341,51.46017838246048,336.5238278326534,
,.441870229165733,3.83686508210991,318.808747452792,5.289503540012559,
,.9809732710525053,57.98955250419395,275.5371037824889,60.4915684587273,
,.9379979377901467,49.45552906845233,44.81939757045264,147.8141110586766,
,.1708705665826946,4.952352882093621,327.2938067075151,239.7368979891876,
,.956027036777287,45.78564026778636,172.7918288953632,44.46202942767145,
,.4515129906968348,7.465536942695564,147.8622495510879,41.86134051492328,
,.6231700094516652,11.56864569017353,151.9540179534335,316.1489776902123,
,.3083070661908868,7.897356230530399,125.2451539458562,20.49276080768118,
,.9343217208389496,25.15922969014187,256.742806814577,113.2883069472615,
,.4463367582522231,7.11316752326568,356.0929347427603,322.3649511582221,
,.4452088464437856,7.950474393839813,47.8590532446059,87.68850629085554,
,.960656654330444,58.55542621011504,64.03663707975331,136.545952213862,
,.2092407242251397,3.974456939209385,138.3300450377713,149.5573381703237,
,.3747266543321887,6.443388348223723,224.3039853229843,90.33489193633855,
,.5709607155587609,3.566446585890632,268.8411948874934,338.9228756484921,
,.3493726982627097,3.497823467661401,70.80421565484991,153.6111326021569,
,.8969112517769099,46.25686324939289,71.49089248296832,95.21165505046787,
,.5173023922910023,5.861863228679147,315.2000086689864,285.3138019663382,
,.3847010730829723,7.225138589342865,4.414824756889436,170.7788455991428,
,.6837159281532069,6.06163536800732,25.44993334294891,70.63707961201153,
,.4452347455436068,7.950934061463467,47.85969917605283,87.69229775372035,
,.9215647483541063,22.89423024194806,322.7631803647729,278.3838331756184,
,.7761658802046894,2.568001499205034,176.4654961278702,217.6688776900589,
,.581495928767054,5.50584658927542,257.6398388658703,137.302883060377,
,.9848618681444121,3.223552998284503,50.19576775943682,52.15494545396132,
,.9852612620332006,3.216123486530712,13.2142153813815,45.72379889773849,
,.9767386275907417,56.00934592933308,154.2921717815427,125.4569586092179,
,.8422772022250582,17.52768081605259,308.0989657289367,24.43172972504435,
,.5939101217838956,6.490000064300673,330.3832879862198,166.8930359952229,
,.7914862340966966,9.815943503090823,147.4439395698923,126.1881563814498,
,.7710192684405167,9.918418994809931,58.18551484746875,76.15892000248296,
,.7261376286811095,17.18740203759119,81.91758571751228,19.2634349941674,
,.7254080190784703,17.15577765006746,81.79563770632203,18.90869161953582,
,.9413734582356099,17.92813646199146,113.3558967703675,142.0857566250761,
,.437076499556222,6.988781007646011,123.3324249109672,326.7819781644358,
,.5573464446157246,7.651804825505631,209.0458440270833,217.5765139285349,
,.9040799923798569,40.00968422595836,224.5380453480329,153.6746171049407,
,.8950980247173976,36.92953762223349,224.552752977596,155.3162739733166,
,.8933178900261248,19.70232857640934,356.6890598578671,302.6902404912989,
,.4717914141139498,8.025492874593112,264.5803059820747,37.2241827635543,
,.2520520162267936,6.697938737501532,226.0388078435766,355.2014093771027,
,.9504906689671544,42.16067112736083,250.0570617890347,314.4903315261464,
,.9429089752773024,38.15862314085139,79.8380191665515,155.0821160815184,
,.5422509146090981,6.503991467451984,359.0284155699525,191.5945339363658,
,.8060361814012834,20.66261789746767,87.48762756046273,121.1882653690378,
,.7635801784128617,13.72540232133408,137.0699871663166,103.8592990584117,
,.614844576455912,6.50579925270305,56.53904919560082,356.2321482526702,
,.6761538728193216,5.09304439147228,55.68409536089575,259.9325633598295,
,.710004272131517,6.25829420741601,61.56936341476337,34.36791819261871,
,.4128047909892264,4.063611487134344,126.5398478590663,213.8499406736673,
,.9420642404656413,28.43507614886451,63.1295117944688,47.38082285263025,
,.3850227414547768,7.546042222474815,87.7040254868467,204.3607963544146,
,.2591906166761423,5.012369351454654,311.8538608106894,298.7742484829543,
,.5955444897377926,5.813844445193285,265.0618686775356,145.27214041,
,.7730943254761949,8.170638654435015,115.5663707813027,178.6100765793586,
,.6467626706865411,6.325891302976833,149.4057315257941,182.778095406052,
,.8023050444239744,8.642231801410023,41.94226193068484,195.4821691544406,
,.9156371593587805,55.68774803131004,4.542183122793532,147.8033271293238,
,.7824247228602954,14.88708556233073,50.29028095530264,294.7778943047381,
,.6029487637812372,2.932362799256595,356.1806791852429,35.25220977108212,
,.5242204773820759,3.522919530494213,299.2661987358585,37.02017300363362,
,.6503053809031123,9.79940419007133,295.9444863840756,225.6462023249497,
,.6040105430300828,18.74990909827909,40.86153420711216,19.00746974636872,
,.8578446223034569,11.1670437921326,21.28859298760897,167.7694722492004,
,.8692679144849317,11.38400415088156,151.2607538133497,33.23974388781362,
,.3531003691248656,6.587189318448437,33.35256477395023,67.3909954609103,
,.3963584699927934,4.41010547254904,247.2487696949161,150.345601924684,
,.4422413924835329,4.520387718767389,166.6583728081784,180.0340836297665,
,.4710125350501806,3.484779279402457,12.04529529127923,347.7290549270898,
,.6440621790013146,16.07492909108202,327.5658635422279,1.302017207281829,
,.4231796645439844,3.711952509183936,39.08918217600091,185.8143985024327,
,.2733146726246084,3.032682257929652,342.7002427545117,8.265585765282539,
,.2733288372094057,3.032698870507931,342.6413289368975,8.324789778007844,
,.2734481461811998,3.032931460580129,342.685501127328,8.232087331492211,
,.966805526031125,55.64397376816604,325.9609731049668,59.48432270243288,
,.5960461593465634,14.77161824238177,256.6142912389114,113.5594254110021,
,.6052520090084891,8.588302700132951,160.7950681648479,138.1064443104381,
,.4389397551779469,3.824913853363257,207.6753677419797,213.7374022034588,
,.7319347194158775,6.80078377446506,187.7461095689466,176.2426770533351,
,.9748050807991576,48.04164823820172,322.609908763809,142.2808577303502,
,.6232586171250748,5.867364868457376,10.28367698048287,345.8400617798653,
,.5284910228271116,3.39255988806689,2.629816840521158,342.5218862376016,
,.4460677923375457,3.04316680624847,167.8668180305029,23.99706960786994,
,.2417461460497303,4.67779636386124,230.5944388486877,213.1576256237573,
,.6498335993471025,5.92483067255828,106.6720325689098,356.2264886843669,
,.4540561167299528,3.305142480727921,55.69645698732715,234.1937433152604,
,.5747098068920828,10.45037418847709,179.8428807230563,307.1979205459008,
,.5938775800982816,3.485676977036207,117.8560792780611,1.327165900329637,
,.8909685922028165,12.71828653247425,100.9181160202745,339.6433006262093,
,.7971355360134457,11.92319661996756,211.2517284028012,143.1423885655099,
,.6899137951227233,3.604391481779416,3.362021948083192,112.199132042696,
,.5924243976657396,7.431426855738172,17.68070135617553,323.9498898460524,
,.9008155504834359,20.11913342316222,341.0859679825166,244.8792651383275,
,.8803526176030279,3.902604096779729,259.0084979705699,210.7378241631575,
,.8128079218724903,18.13452619325244,262.6357225945782,176.3275757104585,
,.4381845102952743,5.022906392592807,77.33474495904815,306.8730264881049,
,.8790813542696114,15.75073481000198,101.094140046717,42.01841018575087,
,.4203863613720366,3.629227565104102,161.7912394082795,219.0294196701982,
,.6341057409627858,7.319993033208194,294.2470378689999,117.6270443072998,
,.7055594106804246,18.54384604874837,179.8968910740099,306.875991948823,
,.3589197669359717,4.563702890423313,321.6504422624919,89.26360232052507,
,.6658575335839685,27.94834737006917,311.1977586864893,61.66929498230977,
,.4346785046699562,3.901943709997529,119.0738340762075,199.237656841665,
,.1700043769929576,2.755761097065212,107.1105008526488,329.0658313803897,
,.9393423191274026,19.62329965394338,191.1053694896047,20.40183190929002,
,.2280359464392307,3.16572076872992,199.7339139471942,45.9990286844526,
,.2282535668077313,3.171823149117178,199.8542625168766,46.61807554627163,
,.210008750504991,2.583233313039727,204.0763116690153,111.2788166813196,
,.6662026588321222,3.021535446008128,180.5316806099233,351.8975012356475,
,.9463549148365871,35.06179398051891,111.2279105973676,130.2727532240026,
,.566617923241009,5.022460740424368,221.4660828538238,352.4698731505845,
,.377977567266472,7.698831436967406,187.8080912230256,338.4743932037199,
,.2738679631379342,4.746763745138679,291.736947142359,139.8815485885847,
,.8792361767897462,17.16913194864031,350.5118532101513,102.7916488688307,
,.451996283514258,4.512962189374051,168.6690207519895,149.6526159940515,
,.6328644232915116,5.898225433332033,48.51410443743292,300.5370994073419,
,.9684416525705365,38.35915861669371,262.5516175892516,352.0340492047935,
,.2782460804017939,3.521417772458116,40.43000134128797,187.1288398808468,
,.3695605785841957,7.238918357136992,46.35059663449135,125.5658164529036,
,.4996134973362044,9.145308796053881,74.5700766995452,40.13080757384364,
,.568259629821206,12.98462571567987,162.8593289772006,291.9209635993344,
,.9942677736165473,4.940673047309494,95.8813848637063,234.9530166293891,
,.5624577044164339,6.611187712640476,348.8621126772748,178.41515686,
,.5689449926791705,8.712113398775864,266.6561479808935,227.7777932486882,
,.3825011944146324,9.677212590187246,353.3557832129918,188.2680951489309,
,.9776355273044856,15.47075653971312,287.7365667846381,13.3839479627594,
,.8781986976619313,16.18827960508098,235.515499240708,108.9578774812535,
,.7543902471787337,7.406559074380461,228.244968724917,244.4080943849052,
,.4892272090418567,3.429506941611042,203.3105265987872,198.9669010221428,
,.3267720562681056,7.177397477748836,342.773321967017,352.3979824306274,
,.5842414509482069,6.073625412058271,104.7466639124765,280.8173487932335,
,.1788199235880676,7.200921512391778,86.62167374436329,224.5651566261684,
,.5539624608563112,6.694791951677121,134.2689130148744,105.9968849415498,
,.5540431092072143,3.3503213461009,111.4213609067063,129.2954520120618,
,.3457347701716666,4.782844475838525,59.3725522220478,48.00477270601489,
,.9407828162866089,32.5303430906816,325.8043903290172,21.75641863502724,
,.84816769837362,7.599550275279936,277.0821425064586,249.5086138655848,
,.9316035444729497,16.30374170217926,288.0701101520695,192.1899463594266,
,.9258284402393274,19.56264859783847,21.51231515705576,27.84491744751259,
,.4530546778566906,6.829592481651051,191.0225777964752,349.9158712519903,
,.2800378284289279,3.511743218270934,58.74169214176988,173.5114750010281,
,.2684599740183615,7.366028414710195,12.20184196959602,160.5649381250077,
,.4986132301183522,3.108941665528677,54.72597736594507,94.58932273073734,
,.6919871307101922,5.730859338109001,11.48828757641412,40.84993259382298,
,.575137943137254,6.514983951488008,235.2643394205667,221.6183170588532,
,.4028806009431616,4.275114420993365,357.1501259900045,44.23527726938704,
,.2611239231063902,6.635988833507865,281.3906798635902,88.99798324566335,
,.3187386914147367,7.366794664918338,153.7681647684624,110.9266799690757,
,.8728581695354731,38.40145207095298,173.4060143145302,180.632374721419,
,.203195792299339,8.652530969321768,218.8962331669973,193.3300880603379,
,.2674733559776531,4.856576840860034,190.6498841319341,225.2624115621439,
,.9741574160779457,43.03856673331972,252.0856400421909,1.880823153181257,
,.5315326908585017,5.054322098455366,35.31895601158421,310.2208856173419,
,.3698225913482697,9.756153027484956,204.0184593599947,76.3847935193711,
,.359843304117325,7.74116348044543,9.546073456414403,342.5683125054446,
,.7765212519592289,5.561717039442158,296.0964602238851,263.6169667998349,
,.5459262699201428,6.293496776086007,77.69097669933601,331.0568400407936,
,.7967849127030844,11.03446679530371,252.3638830951731,294.4704217968163,
,.08868544410219316,5.600593713412317,43.96110145488727,251.8128415247697,
,.323144848008061,5.545920164072267,59.64871430428951,355.9290200313834,
,.4530139631958972,6.689419286170088,319.8358327251989,120.0658080832788,
,.3565642183023162,4.148266063079191,160.9001982740363,225.9328872037493,
,.2591087973064449,7.065685609913303,142.0341403515837,3.665885448096891,
,.480311218088897,3.110431472658605,.8736290310951919,156.0447233229981,
,.6643119995773116,5.100106428133667,277.9414067500691,306.7062511967295,
,.7322284822953157,6.056760019298826,64.82909441640173,41.2818470217938,
,.124568383678053,2.290441574326925,320.2838835527604,133.0498046337918,
,.554371437413074,4.375740613611659,47.41358622043702,13.11117629718852,
,.6405193553327783,6.507140272858013,262.1265408109255,171.9619107377653,
,.722373562116037,8.640157149067097,177.8993976026755,8.295090846386902,
,.8427420045719324,24.72651714927554,17.08374741017572,147.857997531489,
,.4986427492134599,3.702843760772948,2.213287671457586,354.2366468992119,
,.9037561916724222,8.217680146309727,206.4730991405697,214.7297449578989,
,.7773495490885352,8.133067299580707,30.7680645542261,12.57333263136618,
,.08773123305437409,4.109228520218805,65.66585035530157,150.375041974521,
,.7268170633861646,8.987051902965598,106.6611910674217,157.3122679843082,
,.9538251813034284,36.72256344937771,254.8133753124608,333.1090632971768,
,.1564584444001168,7.143608239764185,24.89947511206076,175.1246560662572,
,.2721471145483182,6.623500088637206,44.84665133680757,181.1842066196456,
,.1928936226975309,3.850379273426119,64.30894275204847,130.083080240123,
,.7402970340549665,3.080271112842361,31.7582673547159,118.0163889372996,
,.4187370261670714,4.056313312972152,135.1098034371948,352.8574471617226,
,.9596374558733339,59.85061200189438,68.42120302321339,125.6445599941932,
,.946866528017722,37.94599655369297,193.2450271982542,268.8308418987303,
,.7705150043917172,20.6904830016571,271.0232489264591,215.6303673609489,
,.3402460300520941,4.809713518053845,94.5289465966368,353.240828409624,
,.6485836529027735,5.181443802278596,49.20658153076954,1.270362810285826,
,.506570701020906,7.352201383135704,186.8633093734749,229.5331905767943,
,.2613701706198611,4.1846865890278,289.7398606072317,128.2325201255721,
,.8763370611505036,14.35422632365051,186.2205380074385,198.0986230024828,
,.6574395721087789,6.672832711196605,115.6447768229344,189.3567852924148,
,.1589593567954306,5.734765293445983,73.73843802760062,309.1988880190526,
,.9399324816131235,29.38068409061224,122.7081390716316,235.6933805013979,
,.4558394854285127,4.001371391547863,355.8423821865554,134.5036620791086,
,.6461285355508419,6.463095608642025,77.63025450628768,81.63083982337997,
,.6561490455886053,6.246398088507607,289.3935039537896,37.8893620042576,
,.4104140410052934,4.432250028990902,339.7727704323941,214.3919227000516,
,.5123905906784999,6.876603747103441,221.4839615280832,51.23967764609615,
,.1962092066393218,4.106047215846253,160.3622333304185,346.0495057663719,
,.780880537539185,11.22733649842532,294.9747792288441,252.6324460998257,
,.7221050362199696,2.879316991300246,46.20979966518959,211.9722716685862,
,.4307383495842648,16.04117014353455,247.5104563535229,308.7023879889759,
,.6854920355323885,6.510496250851794,145.9451797139443,27.20270289127826,
,.2356276649434038,3.153962445086552,85.77315970151724,300.5874582908774,
,.3846192106416115,3.910534278671199,9.557209265892844,12.78794528005524,
,.8736485149367835,17.06808031285671,124.0318790629094,72.9696942465151,
,.4105053694349298,6.488867281742812,36.1940996256937,162.1830638379211,
,.7049516710663947,11.85499191857351,84.8026757232364,340.6737948041622,
,.7129113838478315,6.225064752829134,310.0183447295584,131.187763915817,
,.3937297148276013,3.798734076475771,232.0175805734977,221.0613435568569,
,.2886554042799238,4.656060412321526,161.8839134592057,282.4726677226644,
,.5572712683032452,3.40251130094377,169.9978369092333,315.1257936147285,
,.5551945545731161,3.843139920670668,60.08632802422746,259.5497282737696,
,.6326988855068414,5.585351107613909,40.63819290585288,32.32180486651102,
,.6264431501747753,9.703893041779768,135.4404837242178,344.8745701250185,
,.5422358759891194,6.32873357849248,227.1351780823445,33.19254495084449,
,.6905906287277457,4.431643655613287,52.60270731513823,312.0744899879285,
,.6372184856131491,26.13755618737929,184.4384135644908,139.2423914141293,
,.6488084957753711,4.554350431276445,336.9963470381868,343.6503757741284,
,.5382688576703016,3.596971195225096,120.8135802291409,183.0474451791371,
,.5792495190447346,3.563025432977218,111.2790435049921,222.109618153257,
,.8480618337110126,8.502735691307915,315.7631836245091,338.4139158555516,
,.4259597807788336,3.617970534470491,125.8813292584731,172.3005676856139,
,.8936493041452123,16.14261716923521,184.1357687677103,295.9019671128904,
,.3852044271116364,4.196690080734744,282.2852434081138,287.796856672928,
,.1075406094092898,5.420211350076773,266.5959937417979,157.8203057412861,
,.9523152204999124,28.4680038138321,356.8583448950124,219.1648630851764,
,.5595281646349175,3.595982638828496,38.89546825507573,357.8754345463461,
,.4982387835727335,4.959563010870304,176.5169814916308,175.5507295650478,
,0.751062411225747,3.00880914460354,246.1336343426631,149.2918108441891,
,0.750123959058633,3.01289341549972,246.1615904468121,149.2844343114263,
,.7481709500936971,3.021375791347877,246.0178454329047,149.4733235234648,
,0.691761661370916,6.39724825593164,343.4564572071254,173.0867710151257,
,0.2469714049832185953636,4.5187566335433686504075,242.4482673818462,165.5320702572544,
,.5305272289353777,3.621812002614595,309.3978567354816,95.59377683043907,
,.2912348645774915,4.203111220476629,137.4538711625352,225.1876966413451,
,0.696725656659651,3.0963752841415,69.97232230057514,198.7081422587468,
,.4099585163983387,4.301753014606733,245.3714335075408,320.7518638652634,
,0.6277946381861101432519,3.8661654111329148975073,245.5605877675475,216.0971007035949,
,0.726672673927576,6.63432431213906,97.2645008064834,14.9109113793261,
,.6730436666766748,4.870270090159263,343.431742330185,48.67450452986796,
,0.9900975228715980236415,51.213581137145759214490,93.37026929285521,34.67316805083965,
,.3071587132794293,4.493696904571612,91.90172273996951,163.60386314,
,.5458142843839994,3.891999267626937,272.427944910909,245.6703769553744,
,.3883606876177078,4.334089695239168,145.2643444594917,43.75899639163972,
,.5394647052225616,3.673943594210344,89.78027602563908,6.700966864673739,
,.6460248463257547,4.040089672056498,53.4534922404556,316.9800438869075,
,.5417922616394574,4.140996048772898,26.88488145145794,10.37025831833113,
,.5878685932612639,6.239163761283836,202.0979258636716,18.62907986921665,
,.5323089959541165,4.079419111816716,178.3599525716306,221.1588150560269,
,.3645474466609431,3.509474721117858,70.88812041718793,92.77539076444052,
,0.6119295988335800018376,4.3912043587897438001732,339.9202114205281,74.64672258105206,
,.3290816622224581,3.900202625249658,247.8703122143508,354.6270701675999,
,0.7811606261503803994017,5.1848871265672986652361,359.3961137217372,37.61838460810365,
,0.517209914571475,3.33797581090783,230.84200613,.3762291200373954,
,.5989902415048468,4.021659589584823,259.8892998524929,339.1311051464525,
,.4619028596361237,3.73590971838216,210.561210461237,192.7544368108993,
,0.698573546172044,3.11501747725682,69.93999714325663,198.7685231571228,
,0.685154134205868,2.98432308707744,69.82671174634405,198.8412924261245,
,.4134135799009592,3.427573594143571,37.72536623433935,181.8639724581979,
,0.59472156321091,5.79977321714315,130.2324471061459,263.1867780154515,
,.3432245787360794,3.679142246300213,214.1980910464581,179.2763173970513,
,.08529992366081832,4.278372420557185,184.8973514877388,309.1197468250286,
,0.321040052243999,4.48815742820982,214.5291998793192,210.1922243172213,
,.3607275357804062,3.450569402900435,13.65059399258848,6.713344480762474,
,.5039293007848538,3.316893805338879,.4114066567933221,183.7250935905468,
,.4486260518570287,3.860744511762061,46.59827632105053,102.8202036859696,
,0.9627088867609727707019,17.680816651897078628508,79.62450068849807,12.99609193700053,
,.2950453641774186,4.292462036261698,243.8948571156254,181.661715328449,
,.3724795893345955,3.485256958468291,20.98840722222197,173.3190905080572,
,0.692453880247705,3.05370675559865,69.8657752054544,198.8198463106619,
,.6016267402517835,3.409022576712262,300.0025458805919,148.8881291064382,
,.4721408809812201,3.655519435714783,109.0696775244684,355.0874632496999,
,.772126286309046,6.698604558889319,51.72674724291831,310.8321766153857,
,.4203156371110926,3.532411562896625,106.5269817204795,274.1714403147332,
,.5205267741318643,4.237966404333134,336.1189805729755,49.7346674245498,
,.5967955466821282,2.920510268004104,282.1441610466808,15.3971378706121,
,.4148641371094511,4.38356773550115,358.9815035047578,26.78996975816645,
,.1701182218624886,4.452956038241505,112.0003402757854,131.7178225812288,
,.117625581793028,4.832126460307518,327.8829531850575,278.605906102773,
,.6993210375147131,3.099699187747567,214.0910177221359,181.9403336066726,
,.1365763752881888,4.510118161405117,5.872118507576067,161.5421048968827,
,.3943325814040706,3.576600727795079,335.1943874067554,8.453774232306444,
,.5755808395443396,4.00008697530093,351.9937652644215,130.711455746716,
,.314653512873307,4.643485238138329,290.5608642498839,154.5454157226637,
,.3321236559698317,3.770652596272423,194.5253894315121,255.7222240175186,
,.6128695185722387,3.459267702959195,35.23519856058019,25.0673844327545,
,.3333926492953443,4.920224292987082,234.8338517386848,133.2517567177933,
,.5069284376022202,5.954800268410104,92.94703569264837,191.9393427947523,
,.4479159374598513,3.58306422508561,358.7703089175936,69.03820536685934,
,.6296602371558928,2.865999002612692,66.3882461525948,188.7289004473067,
,.4313134844133996,3.781497663461639,24.36812233729123,11.59882874227125,
,.315047798798942,6.47960643491348,243.2611246188573,249.6535742516584,
,.6663423299937125,2.931215275854553,75.10006348979451,51.4338425706135,
,.7073228278805144,3.839018373459053,37.6794577153227,333.7988485602352,
,.2699551843085261,16.1408551156671,295.8374388815109,343.6495125063299,
,.3831014579229702,13.88283939168301,64.48884992736954,321.8788868930617,
,.6215837574912003,18.04988797793641,.6387082502039784,126.2053458940078,
,.5413243236729088,3.648714806901318,88.36447041997127,325.9430154098566,
,.4532292334851692,3.762261685581952,102.1156775440929,349.6686757408043,
,.5963653789407668,3.049667700839338,31.258956525849,356.3970027716142,
,.8350738462769237,7.72123378622071,1.415670065293847,47.13845022529085,
,.4789346679581795,3.973597606755107,337.038722594937,17.99528368655458,
,.3808236713487229,5.896289124614977,55.161599697587,4.987818773630607,
,.609558895880292,3.623703022347536,356.4566376041315,13.95118353211078,
,.7669181563404345,2.604264943240381,176.2195435720526,217.9763141853129,
,.355109524747633,3.858630619918548,84.62337060588261,94.94791474096391,
,.3073410789337982,5.892900594038868,115.8804248904036,295.7053975964394,
,.473842542348582,3.668188678565818,103.5560318015271,296.8144267572273,
,.9545011068589594,24.33728792070278,272.1861491051434,60.34965166822896,
,.421618543794811,3.490260973533814,126.495718781747,51.05822663096868,
,.2616668314758032,5.706964720495605,100.5748841296852,29.88792738516089,
,.3618181336271897,3.510699994923724,40.08821687518896,178.9963131792636,
,.5031130574217229,3.552070610991009,101.7169091843631,347.1063951041499,
,.3043031432899574,4.198170054508219,142.9199214031341,225.8172852880655,
,.02898319890070763,4.719637943961065,137.3088171897205,231.7945853112978,
,0.69348697056495,2.97607817120721,65.24678693301523,204.9294792152065,
,0.693565806671118,3.06483261003617,69.9078914114573,198.7738044969675,
,0.693412971192622,3.06335181161612,69.90839960829794,198.7746010901946,
,0.6938774627627,3.06229329930756,69.91710448172594,198.7732444491985,
,.6922258013072282,3.063468722115394,69.84321690348189,198.8705914205202,
,0.6932855208263886126474,3.0618412252795819128437,69.89247679701043,198.7994525904428,
,.6856899338804724,3.090704926051694,69.69408759760867,199.3915382399436,
,.8191545266363583,4.336084232317145,36.10919645775216,337.8580424566273,
,.4144624763356466,3.881643499563681,104.8809593923122,343.4481373761716,
,0.787701486880903,6.00224069684791,22.21536497052719,257.249719336475,
,0.691538816676964,3.04420865724153,69.82886017812947,198.869444132752,
,0.693543485158215,3.06430700077958,69.89734340284451,198.7896438621016,
,0.689397458779432,3.02441289019931,69.8327199189979,198.8353864788111,
,0.711932414090286,3.26075831524011,70.4760044162668,198.1833800675977,
,0.69335823324,3.3340747694428,81.99161507316578,181.562191599204,
,0.694088213263508,3.06994234287616,69.91308584130121,198.769702114044,
,0.698647244447971,3.11832472400051,70.13788751331991,198.4951921977602,
,0.695575899386973,3.08503544059736,69.95619989625854,198.7241361407526,
,0.692288993783599,3.05239117034204,69.89730281276252,198.7643511012408,
,0.693940938277251,3.06835160960417,69.90530158146959,198.7775561198109,
,0.694735674965028,3.07631556437795,69.93678268425323,198.7475944367357,
,0.57800841084276,3.52862876870025,96.74903768918099,22.86372369456345,
,.5384297030693533,3.505780291945367,267.6841949861678,216.3821697146897,
,0.9719522579248509597249,17.069206834622299595594,311.5854622141069,129.6106836788667,
,0.919831188993609,15.6421524304176,348.0064469311446,57.08095497141959,
,0.642580982439164,3.55954221481951,240.8755466309168,166.0504171249452,
,.5632234095202744,3.358221347550548,159.2804324225749,219.7488417157946,
,.7201690549546611,3.487620254044579,13.77506488595554,347.559241376592,
,0.930297147462082,16.9067774347548,86.10312835462277,64.64120651677283,
,0.9548123941619716115170,17.121223241407509618738,255.8911443583019,199.028468565403,
,.5462361578422221,3.412530375504241,240.4024285639321,164.1149688874212,
,0.809796,3.10112826228681,102.9676,14.9468,
,0.566818596285863,3.08916688391109,328.7169509657245,193.7040335562024,
,.9189810923126022,9.235960944226864,250.6264098390235,196.0253968913816,
,0.661506727386572,4.08035723716121,160.714868044197,200.3582618971439,
,0.499040120360139,3.45215357827758,188.9256753142995,115.2325343233014,
,.4992889286810742,3.452538989318305,188.7994329470437,115.214272881255,
,0.4270474945217546114406,3.7904782930723568412645,358.8600316230779,1.933331420129209,
,.5424857920569471,3.71436788288775,83.67223663815223,269.3739808328227,
,0.245513956937926,7.25148931544269,331.5811183554936,56.27834376123234,
,0.860022494401565,11.2476696975501,79.18837876601667,358.1910370660319,
,0.97405,28.8435453,355.980,29.298,
,0.760719,4.9435893,67.9235,209.1572,
,0.751299,3.53465808340135,250.669,221.6588,
,0.697573249761406,3.10529750382754,70.01698506664813,198.6608054163719,
,0.682453453655532,2.95951342725043,69.81061092752898,198.8488389130481,
,0.682439213725336,2.97944716240244,71.41848296987524,196.4631309954056,
,0.700467515087574,3.13424236839265,69.95554650558832,198.7461327274749,
,0.682432921372534,2.96762679277048,70.47094006423771,197.9285670216984,
,0.682432921372534,2.96078483411662,69.92099750027795,198.6920225956304,
,0.675069986179574,2.89390864978339,69.76425985850773,198.8670388615369,
,0.675089956009265,2.89370372170499,69.71151968098572,198.92203184,
,0.692470126439069,3.05014120644439,69.46695211432159,199.2512703220542,
,0.67730146390118,2.91373418607164,69.79453062090771,198.8339738442099,
,0.69335823324,3.06228436373416,69.88524740736541,198.8335456057121,
,0.682439213725336,2.9582410093582,69.69353534875259,199.0041336556026,
,0.685673899484921,2.98917045822215,69.83455705491185,198.8097995413545,
,0.691827563127927,3.047706272631,69.89197757406906,198.7715535759656,
,0.691771506515135,3.04704387959224,69.88153448038356,198.794770559419,
,0.682439213725336,2.95929756911756,69.77558820073149,198.8613490413005,
,0.696223718867002,3.09141865178814,69.97335799061499,198.699429249213,
,0.691542805405763,3.04504693747306,69.89745388065928,198.7753879911289,
,0.691094488235562,3.04058323671172,69.87876451740438,198.7979116113036,
,0.682462679481376,2.95954219133071,69.75258615452337,198.9127973517095,
,0.682439213725336,2.95948456938239,69.80392620641391,198.8380687888751,
,0.684754805524033,2.97971817146176,69.72079451789067,198.954825666221,
,0.692822353452358,3.05783304672693,69.91454525670791,198.758306151452,
,0.686932227480063,3.00135904388845,69.84813048476539,198.8104065064084,
,0.69335823324,3.07520604461415,70.70742060713012,197.7396253755624,
,0.695781146462459,3.08672271282378,69.9589661420688,198.7052943053087,
,0.676299018237858,2.90757509348788,69.84971349851291,198.7163902725815,
,0.69335823324,3.06777308736794,70.21921728190907,198.3713234061079,
,0.695367114577502,3.08254721749018,69.93380113835332,198.7526383059272,
,0.691246808725753,3.04180282124803,69.85894300547889,198.8169658347176,
,0.680633878945504,2.94109009142002,69.57271647354284,199.1079394823084,
,0.69335823324,3.07211624836372,70.49401080978578,198.0161462720894,
,0.719502303654523,3.34821195686902,70.66913935014475,197.9700546537453,
,.698251127367121,3.111488252589795,69.9710912389646,198.7294365495064,
,0.800195285662543,4.68497505729183,72.06227489809055,196.7656541361871,
,.7009701052570073,3.139576900192716,69.97402026227806,198.7247613547488,
,0.695799013016798,3.08744810378797,69.96630167530681,198.7098465902828,
,0.695911908759867,3.08794215725399,69.92072504439952,198.7713164253278,
,0.701430092385429,3.14413946156757,69.9669785019781,198.7426204960793,
,0.69376877393668,3.0720255879213,70.38879700338832,198.1671916364014,
,0.694756955270123,3.07622840208973,69.89155967192667,198.8011953376514,
,0.69335823324,3.03591116618305,68.11933346444872,201.0885963512684,
,0.699842823483816,3.12759000072912,69.97977382957781,198.7225549045438,
,0.69335823324,3.05798267872401,69.37619102093456,199.3256981265443,
,0.694751288807723,3.07645099021487,69.92862059302733,198.7509795337178,
,.4903849018997315,3.08368157923568,3.759718636965136,152.5781007340497,
,.153784445570409,3.095929042189836,270.6516569004608,58.56915804482286,
,.9816378201685886,2.611063149525005,324.1507512289082,353.0772167685196,
,.9786764761583875,2.516261465609644,359.5244874833367,49.04947699308757,
,.9810794372072498,2.425408650984272,165.1685255624648,172.5321181901422,
,.6824401124131176,3.102912310104745,295.9559252386137,.665388450046148,
,.6649928582060213,3.573013877278344,111.3665624087181,203.6802528999902,
,.6753320133513584,7.535634293016919,35.75560487994717,313.1347976620367,
,.5923477169378085,2.929228713963763,279.6686493201623,330.1227126031379,
,.1664163274096624,4.327896869328113,246.9322373421731,191.7491803900391,
,.6209692370658518,3.419580405672789,259.3036865201132,346.9558488947632,
,.3182371979313405,4.072762283750205,99.82316787523038,278.8168778202771,
,.4905789112472077,3.087862676241239,3.781155737339091,152.4376915595475,
,.4899354423826656,3.083778641270863,3.796100829558399,152.3872694794041,
,.4904433061139608,3.086872497378466,3.782418696547155,152.4525445925493,
,.4885908891871415,3.087241138959552,3.818488699817899,152.429576403165,
,.04208657647672002,3.003793367672493,216.8596526258896,177.4017799220638,
,.5490417441536758,6.585500578076859,294.3272142597517,187.0188568735439,
,.6801049875049362,5.189028836300466,88.79189660369242,342.3168067623184,
,.5519136124159065,4.195387705516426,341.8127373612851,30.32959455038183,
,.5640019161581543,3.557887976631412,173.9991450792475,185.022139809866,
,.5134149449652499,4.884876719578946,71.17228951839574,63.50213581262015,
,.4144404840175201,7.264302804164489,267.7114004912323,213.7978451184423,
,.2303736703896931,4.266480939437351,121.8288234294521,208.6065627048943,
,.5874165458554789,5.686867070697107,355.7835584400734,189.399728846603,
,.6934621680484665,2.694544334263179,95.80660339535025,222.7484631067154,
,.2819554161535973,4.372899361579497,271.6823364807616,323.4753294116305,
,.4124291387296715,3.490149795441779,57.11739421429378,95.6185967471979,
,.3086498338097453,3.48397434556826,98.28317734300157,131.8141910830173,
,.4766286291817307,3.501015346281297,263.6730243355021,350.0377739893009,
,.6147890632322975,5.345132018421562,7.698509202110803,73.37066258261537,
,.5945159337133528,3.200457816378064,315.4433206774755,233.2695181857633,
,.5104416819863621,5.075130668072057,348.2152878542255,356.5401281321852,
,.5737843349679356,3.243127092631494,60.70314604605528,329.5984468193087,
,.2424141475288142,3.155646833891609,106.5027716598174,253.5023926110905,
,.4343846638546015,3.446455665896327,145.0019845763834,207.1450370315252,
,.1152849435008947,2.188803669020928,279.2890924777285,144.1915289905619,
,.424663107414368,4.16645635942,9.047678233059186,31.21278505095711,
,.6066828196651917,4.451116169482742,11.44131526844306,50.77270254772419,
,.362384700224559,6.673549256814883,63.14242352091555,333.7704299848289,
,.6747303138131737,5.80662535234928,158.1192290283942,222.1152805099831,
,.5982594906974988,3.103790893731194,341.4986017466438,.7688016312200395,
,.6961201103819195,4.620487458463609,242.0220061620384,144.8941965809631,
,.419342964183725,3.633181123162572,78.44808796642582,41.4169019665751,
,.4905753916912424,3.087712526064005,3.775406994412564,152.4821287929476,
,.9879521840347483,45.25922633504624,103.2161588590852,257.6049367562282,
,0.972386,40.9498081,78.5878,327.3619,
,0.976369,43.8914138,345.4620,38.4713,
,0.972127,45.0052380,213.4835,303.5157,
,0.979203,50.3391355,192.2401,320.1467,
,.8477830042382304,7.215679243118054,68.21958086018842,96.44867266037815,
,0.468582,3.5448254,118.9506,279.2968,
,0.993121,27.6473325,88.6683,121.3190,
,.9785311146396048,56.46231599959761,86.06758624927288,8.61332774777336,
,.9693742867786072,36.399128379526,158.7280644873234,357.7250650049839,
,0.981098,32.7445244,58.2580,31.4751,
,0.980843,56.4925615,135.0616,235.7368,
,0.973197,53.4298773,297.6307,112.5727,
,.6652319398949059,3.290091966795389,132.2535137676355,240.4622187455944,
,.2591709272577772,3.846712666293575,80.76841392823735,26.55061765477661,
,0.985653,58.4126995,216.8053,152.0192,
,0.984643,53.5099303,269.9493,290.7618,
,0.989361,50.2320707,48.9416,32.5143,
,.5143270410947761,3.42804069796391,128.4780488005089,343.0342598126005,
,0.933639,19.3951116,172.2906,335.2229,
,0.981221,50.1551733,329.7897,132.7319,
,0.980454,56.0350455,263.8681,47.3073,
,0.652013,3.7293433,171.7537,167.7817,
,0.84763,2.6647634,76.263,178.699,
,.4981913279265908,3.291007866792154,106.2391806376965,160.677332753984,
,.4529570675396187,4.812544915132213,299.2425866034897,313.9463301771559,
,.5434947258376491,3.588661007736804,330.8930810213439,162.3135626548271,
,.3568158202346686,6.458785669216689,92.83312204286175,80.90291916711043,
,.7358627627873351,4.223897874629313,115.5632197418491,26.13703619685213,
,.4898209567061312,3.08313817078411,3.797892797109204,152.3716800443532,
,.4903782995064808,3.086375940567029,3.785815013888507,152.4307125290328,
,.4937376373108632,3.063156293666109,3.63480233231967,154.5165571432864,
,0.786119,3.1533844,134.4673,225.0161,
,0.965941,43.4525676,251.2145,133.5127,
,0.697887,3.7965927,85.7329,46.3504,
,0.571388,3.0920110,55.1391,176.8756,
,0.982264,42.2388926,206.3675,42.8501,
,0.583252,3.0701575,6.7602,301.0508,
,0.962822,45.4027920,217.6274,149.5850,
,0.985070,55.0826524,280.9099,330.0841,
,0.983465,55.6818869,31.8674,213.4496,
,0.980414,38.1314715,202.8313,180.9440,
,0.985780,39.9130802,262.2306,22.4883,
,.4962884872601748,3.146142644920812,3.59910073675487,152.3859186642724,
,.4662892068735632,4.011837030648198,318.5278557190417,316.3026248516925,
,.4090272614185136,3.037327334760674,75.05137493669618,26.91663608905688,
,.3345199989231166,4.482771767537313,56.14551156485062,53.42485645037063,
,.2469915801096556,4.025472405010516,133.0706575801076,42.3875959257247,
,.563477161760451,3.400720761341174,112.4036927187707,308.8899653371823,
,.3782472818322429,3.924735359307809,157.9788902746235,223.9882742583603,
,.1763056288704916,4.161836111096829,31.06590398312002,115.2055164295503,
,.4993857905736375,3.587440335763946,49.89290679585816,90.17063707324975,
,.5289091114603482,3.770712958991085,54.00603438550081,341.1269026649201,
,.6637644632691145,3.545328755145044,15.49778451072043,1.329461349227417,
,.2519116580093193,3.817996464780973,179.7669218239004,358.4832026793052,
,.3148400266881949,4.000387079773747,204.5184378848083,333.8842248554525,
,.2042131382581726,4.947112710570793,354.3328820338426,90.31567868723677,
,.3585716233288795,3.831376661280214,87.77135044375868,284.2349339160629,
,.3141331711681838,5.643675589150758,181.1320399524953,250.6365642910514,
,.6188715697106489,4.88441297988186,306.2377241941247,111.473113930239,
,.4501319645263105,3.867068464040567,74.95220577193484,352.0995201777944,
,.6316548361498424,4.464164365888056,256.1246512172597,220.3612856279761,
,.2527781196003774,3.163221896406786,51.65730767655864,325.0874020776336,
,.3538638848566688,3.739004116063329,252.3321893631815,20.84382647512838,
,.5087712718889918,3.727546306163059,245.688697836539,119.3665805413004,
,.4369516486843072,3.342305999439978,43.51510912458283,9.287938918038224,
,.4175597146857165,4.138496310761236,346.9458965413959,38.3163287585471,
,.3383819983698705,3.562335814948082,117.2669288612731,4.262434031254962,
,.8325032627208268,3.1720851510391,93.82650011598992,345.8255533591199,
,.6925376343663351,2.93069628715738,65.40358341934692,150.5212232130998,
,.3743328662523569,4.036024685636033,36.41662900757737,310.4845017184678,
,.757031518894085,3.884219740982902,200.6727229123889,271.2038116059287,
,.6886420878908622,3.143688003695274,205.260324700398,179.5749493037745,
,0.5687302569766289339625,3.5399689569418089085672,179.6270623155098,154.2717704299316,
,.5753279137768729,3.60328142190863,179.5073325093614,154.0793970125158,
,.568714327637854,3.539301441690985,179.6299185991975,154.219453037641,
,.3806646545095143,3.426864023868714,312.5636888548852,3.514162933336794,
,.3797273022751771,3.422250471846395,312.6706695170379,3.341503759615148,
,.7267693963810077,2.857518464514056,7.132384187866916,345.4248856078516,
,.4873988738431755,3.47456267632109,229.9851828886036,39.56718371141837,
,.5026506136795762,3.113704636629025,150.1173417002566,180.752160225825,
,.3523272909674989,3.651847055866803,231.0288295837691,107.4202373159011,
,.4909327949509942,3.341856686662046,226.6442086963767,10.75259449112544,
,.6896430914790375,3.942211239801718,125.6219686249589,246.7749453338541,
,.4453523429269599,3.883402701075351,359.9111802313601,151.6459598193536,
,.2006421522188538,4.023138681375808,75.45300166630444,222.2129949479117,
,.4895520712375712,3.60435568477783,348.3073702668507,190.1589408985868,
,.5669612177509425,3.548459099134047,179.6167428149402,154.221170659353,
,.2862836659739946,4.020741733347053,78.82104012573134,176.4198764937487,
,.5867715331947698,6.134847738125053,91.86054558224671,318.8483591163418,
,.434489728510642,3.692177533782286,15.51970739217313,238.1043404804568,
,.5035597506028568,3.86562476228263,276.3780968083573,152.299858194571,
,.2689146425028647,5.365502135274508,214.3382662174946,206.1270848504977,
,.713938170242489,5.764619090512867,349.2703343473098,173.1370374384234,
,.4406543954050188,4.365458461614423,81.36224547445791,38.45497584089328,
,.9750961432178844,32.54239111656612,320.4310687697371,20.18419247403626,
,.4524759832592989,4.452472789080105,111.8580020084505,25.96317864451423,
,.3899422919539769,6.969382141348709,9.590606254555283,35.0383394977079,
,.4676709227926323,6.752133832256525,225.6726172565459,211.4735307269304,
,.3993029392667797,3.575409242957546,346.260236268618,5.956466736919836,
,.4180949726414225,4.511788051435455,131.4963398852575,104.8350120016027,
,.4286430750700019,4.559094493906344,241.0127663326594,175.9569171618763,
,.6470409619270787,6.104209907021001,303.4828047493677,180.9146921027494,
,.6846297334784514,3.04610387349231,68.93135347349883,9.838702159155172,
,.2690603363436921,4.177751953240896,139.0573094555677,189.0055231886737,
,.4251626016738834,4.117064372792283,284.0601399829757,24.76482820685491,
,.6209279165176597,4.511663294761228,186.442100153618,177.2960744652221,
,.3765598195496727,3.672208949798938,144.293792374979,202.8461061316791,
,.4856289687883189,4.135988441888949,161.2660714405355,21.93427367660663,
,.1735992815756038,4.862122716926783,87.18681736250591,26.01457121473731,
,.43462918455909,7.212067919220312,248.9960737426271,223.9179302923185,
,.4802189069971182,4.522800413069187,129.1527364763804,358.3053971345503,
,.417937535578262,4.621105579995913,81.44894038170409,124.2007783347942,
,.6681889016894792,3.038408435020066,279.7300366550929,179.6923293670564,
,.3119069854691572,4.670271970644078,130.0946217215172,221.0233767504911,
,.4125583951342929,3.469309011750889,146.8956372024383,230.8727177836223,
,.6730537158987697,3.046548904094039,190.9472298306096,343.3125375010086,
,.5095517978606823,3.489671874808641,219.5609750848955,30.84361594866725,
,.4064797230434751,3.730334457750246,73.75685831794287,44.88900702277459,
,.816149560284423,2.777175367052575,240.6460476470973,64.04066337480732,
,.6411612168497145,5.982464274635912,207.7882343574147,209.9127515514211,
,.4336173942170644,3.755425051066341,207.8783782203701,117.7936252286737,
,.2088043835288372,4.397398984216789,126.3448348260112,25.82897843772859,
,.593340592152269,3.289612129307083,245.2515244345748,96.85229934475858,
,.3404246531820948,3.529533621620163,5.020850501079844,97.96763594706306,
,.6460250873419684,4.252984092256914,344.7112831800904,32.72047022939254,
,.3737711207200287,3.892018761323937,220.9723222594372,346.5743929575982,
,.5869803961071717,3.029643301537498,113.3508576070025,26.3154858427866,
,.8154028826429843,6.935517744284216,218.014288416019,171.1690205549158,
,.3895433798507963,3.58712027563139,298.5350695282509,58.5954912929043,
,.5935048395532496,3.685599054648147,351.9811657692145,15.61411176427704,
,.3421712179073474,2.725734249446032,51.99141863645769,256.503595389284,
,.6234222264034647,3.995189934096721,56.64080994614673,44.33956542540266,
